+-------------+-------+
| gamesPlayed | times |
+-------------+-------+
|           1 |   134 |
|           2 |    16 |
|           3 |    10 |
|           4 |     4 |
|           5 |     4 |
|           7 |     2 |
|           8 |     1 |
|          10 |     3 |
|          13 |     1 |
|          14 |     1 |
|          32 |     1 |
|          53 |     1 |
|          57 |     1 |
|          86 |     1 |
|         148 |     1 |
|         171 |     1 |
|         351 |     1 |
|        1012 |     1 |
+-------------+-------+
