+-----+-----------+---------------+
| aid | max_level | times_reached |
+-----+-----------+---------------+
|   0 |         1 |             6 |
|   0 |         2 |             2 |
|   0 |         3 |             3 |
|   0 |         4 |             1 |
|   0 |         5 |             3 |
|   0 |         6 |             3 |
|   0 |         7 |             6 |
|   0 |         8 |             1 |
|   0 |         9 |             5 |
|   1 |         1 |             4 |
|   1 |         3 |             3 |
|   1 |         4 |             2 |
|   1 |         5 |             1 |
|   1 |         6 |             4 |
|   1 |         7 |             2 |
|   1 |         8 |             2 |
|   1 |         9 |             1 |
+-----+-----------+---------------+

